chrom	chromStart	chromEnd	PikesPeakDPSE_MG	cm/mb	recombinants	Number_individuals
chr2	838	483120	PikesPeakDPSE_MG	0.89	6	1400
chrXR	441949	597613	PikesPeakDPSE_MG	0.92	2	1401
chr2	483120	1570882	PikesPeakDPSE_MG	0.65	10	1415
chrXR	597613	730850	PikesPeakDPSE_MG	1.61	3	1400
chrXR	730850	871606	PikesPeakDPSE_MG	0.5	1	1414
chrXR	871606	1039866	PikesPeakDPSE_MG	0.42	1	1415
chrXR	1039866	1170404	PikesPeakDPSE_MG	0	0	1415
chrXR	1170404	1229015	PikesPeakDPSE_MG	3.64	3	1406
chrXR	1229015	1416526	PikesPeakDPSE_MG	1.14	3	1402
chrXR	1416526	1560677	PikesPeakDPSE_MG	0.49	1	1404
chrXR	1560677	1713956	PikesPeakDPSE_MG	2.32	5	1408
chr2	1570882	2320120	PikesPeakDPSE_MG	0	0	1415
chr2	2320120	2840630	PikesPeakDPSE_MG	1.22	9	1415
chrXR	2360300	2519994	PikesPeakDPSE_MG	1.33	3	1411
chrXR	2519994	2675307	PikesPeakDPSE_MG	0	0	1410
chrXR	2675307	2828499	PikesPeakDPSE_MG	0.46	1	1414
chrXR	2828499	3058297	PikesPeakDPSE_MG	3.69	12	1415
chr2	2840630	2977335	PikesPeakDPSE_MG	3.12	6	1407
chr2	2977335	3142962	PikesPeakDPSE_MG	0.43	1	1403
chrXR	3058297	3283336	PikesPeakDPSE_MG	1.88	6	1415
chr2	3142962	3286930	PikesPeakDPSE_MG	3.45	7	1411
chrXR	3283336	3562250	PikesPeakDPSE_MG	1.53	6	1410
chr2	3286930	3436663	PikesPeakDPSE_MG	2.36	5	1415
chr2	3436663	3562496	PikesPeakDPSE_MG	2.25	4	1413
chrXR	3562250	3696964	PikesPeakDPSE_MG	1.05	2	1409
chr2	3562496	3714423	PikesPeakDPSE_MG	1.86	4	1413
chrXR	3696964	3818959	PikesPeakDPSE_MG	0.58	1	1413
chr2	3714423	3863672	PikesPeakDPSE_MG	0.95	2	1415
chrXR	3818959	3952315	PikesPeakDPSE_MG	0	0	1407
chr2	3863672	4014257	PikesPeakDPSE_MG	3.75	8	1415
chr2	4014257	4150728	PikesPeakDPSE_MG	6.44	12	1366
chr2	4150728	4275122	PikesPeakDPSE_MG	2.4	4	1340
chr2	4275122	4577341	PikesPeakDPSE_MG	4.56	19	1378
chrXR	4428264	4582532	PikesPeakDPSE_MG	1.37	3	1415
chr2	4577341	4730977	PikesPeakDPSE_MG	3.26	7	1399
chrXR	4582532	4748883	PikesPeakDPSE_MG	2.12	5	1415
chr2	4730977	5015328	PikesPeakDPSE_MG	7.49	30	1409
chrXR	4748883	5010900	PikesPeakDPSE_MG	1.35	5	1415
chrXR	5010900	5168359	PikesPeakDPSE_MG	2.24	5	1415
chr2	5015328	5189133	PikesPeakDPSE_MG	3.67	9	1411
chrXR	5168359	5314039	PikesPeakDPSE_MG	0.49	1	1412
chr2	5189133	5331286	PikesPeakDPSE_MG	4.98	10	1413
chrXR	5314039	5456787	PikesPeakDPSE_MG	2.99	6	1406
chr2	5331286	5457476	PikesPeakDPSE_MG	4.48	8	1415
chrXR	5456787	5697016	PikesPeakDPSE_MG	1.77	6	1409
chr2	5457476	5579503	PikesPeakDPSE_MG	0.58	1	1415
chr2	5579503	5664294	PikesPeakDPSE_MG	1.67	2	1415
chr2	5664294	5786779	PikesPeakDPSE_MG	6.38	11	1408
chrXR	5697016	5859900	PikesPeakDPSE_MG	2.63	6	1402
chr2	5786779	5954093	PikesPeakDPSE_MG	8.15	19	1393
chrXR	5859900	5998457	PikesPeakDPSE_MG	3.09	6	1400
chr2	5954093	6103567	PikesPeakDPSE_MG	4.78	10	1399
chrXR	5998457	6149219	PikesPeakDPSE_MG	0	0	1413
chr2	6103567	6218758	PikesPeakDPSE_MG	30.81	50	1411
chrXR	6149219	6447421	PikesPeakDPSE_MG	0.95	4	1414
chr2	6218758	6351238	PikesPeakDPSE_MG	4.82	9	1409
chr2	6351238	6476623	PikesPeakDPSE_MG	1.72	3	1391
chrXR	6447421	6570929	PikesPeakDPSE_MG	3.44	6	1414
chr2	6476623	6665858	PikesPeakDPSE_MG	4.55	12	1394
chrXR	6570929	6739218	PikesPeakDPSE_MG	0.42	1	1413
chr2	6665858	6802704	PikesPeakDPSE_MG	5.16	10	1415
chrXR	6739218	6832006	PikesPeakDPSE_MG	5.34	7	1413
chr2	6802704	7044365	PikesPeakDPSE_MG	4.39	15	1415
chrXR	6832006	7162355	PikesPeakDPSE_MG	3	14	1415
chr2	7044365	7217832	PikesPeakDPSE_MG	13.47	33	1413
chrXR	7162355	7299775	PikesPeakDPSE_MG	4.11	8	1415
chr2	7217832	7351593	PikesPeakDPSE_MG	2.12	4	1413
chrXR	7299775	7435918	PikesPeakDPSE_MG	2.6	5	1415
chr2	7351593	7508805	PikesPeakDPSE_MG	3.15	7	1413
chrXR	7435918	7604544	PikesPeakDPSE_MG	1.27	3	1404
chr2	7508805	7657499	PikesPeakDPSE_MG	3.82	8	1410
chrXR	7604544	7805041	PikesPeakDPSE_MG	0.71	2	1400
chr2	7657499	7810942	PikesPeakDPSE_MG	1.38	3	1412
chrXR	7805041	8015776	PikesPeakDPSE_MG	0.67	2	1409
chr2	7810942	7960518	PikesPeakDPSE_MG	6.15	13	1414
chr2	7960518	8068865	PikesPeakDPSE_MG	2.69	4	1372
chrXR	8015776	8391701	PikesPeakDPSE_MG	0.77	4	1387
chr2	8068865	8177271	PikesPeakDPSE_MG	4.03	6	1372
chr2	8177271	8287310	PikesPeakDPSE_MG	6.43	10	1413
chr2	8287310	8459316	PikesPeakDPSE_MG	2.47	6	1413
chrXR	8391701	8578705	PikesPeakDPSE_MG	1.54	4	1388
chr2	8459316	8582601	PikesPeakDPSE_MG	3.44	6	1415
chrXR	8578705	8739067	PikesPeakDPSE_MG	0.44	1	1413
chr2	8582601	8701693	PikesPeakDPSE_MG	6.53	11	1415
chr2	8701693	8842063	PikesPeakDPSE_MG	6.56	13	1413
chrXR	8739067	8837193	PikesPeakDPSE_MG	1.45	2	1406
chrXR	8837193	9039640	PikesPeakDPSE_MG	0.35	1	1407
chr2	8842063	8990507	PikesPeakDPSE_MG	2.61	5	1292
chr2	8990507	9113532	PikesPeakDPSE_MG	5.65	9	1294
chrXR	9039640	9159672	PikesPeakDPSE_MG	1.18	2	1415
chr2	9113532	9263701	PikesPeakDPSE_MG	1.88	4	1414
chrXR	9159672	9288646	PikesPeakDPSE_MG	0.55	1	1414
chr2	9263701	9325813	PikesPeakDPSE_MG	2.28	2	1414
chrXR	9288646	9535042	PikesPeakDPSE_MG	0.57	2	1412
chr2	9325813	9496531	PikesPeakDPSE_MG	3.31	8	1415
chr2	9496531	9635667	PikesPeakDPSE_MG	4.06	8	1415
chrXR	9535042	9661523	PikesPeakDPSE_MG	3.92	7	1413
chr2	9635667	9776502	PikesPeakDPSE_MG	2.51	5	1414
chrXR	9661523	9800583	PikesPeakDPSE_MG	18.89	37	1410
chr2	9776502	9926983	PikesPeakDPSE_MG	4.72	10	1409
chrXR	9800583	9941720	PikesPeakDPSE_MG	12.61	25	1405
chr2	9926983	10014532	PikesPeakDPSE_MG	4.05	5	1410
chrXR	9941720	10146138	PikesPeakDPSE_MG	7.04	20	1391
chr2	10014532	10137343	PikesPeakDPSE_MG	5.78	10	1408
chr2	10137343	10286888	PikesPeakDPSE_MG	1.45	3	1387
chrXR	10146138	10296908	PikesPeakDPSE_MG	3.34	7	1392
chr2	10286888	10490821	PikesPeakDPSE_MG	5.63	16	1393
chrXR	10296908	10461764	PikesPeakDPSE_MG	4.3	10	1410
chrXR	10461764	10637841	PikesPeakDPSE_MG	12.06	29	1366
chr2	10490821	10661178	PikesPeakDPSE_MG	0.83	2	1415
chrXR	10637841	10768942	PikesPeakDPSE_MG	25.16	45	1366
chr2	10661178	10962518	PikesPeakDPSE_MG	3.63	15	1372
chrXR	10768942	10937776	PikesPeakDPSE_MG	4.19	10	1414
chrXR	10937776	11060303	PikesPeakDPSE_MG	13.87	24	1413
chr2	10962518	11111267	PikesPeakDPSE_MG	2.46	5	1369
chrXR	11060303	11187362	PikesPeakDPSE_MG	14.54	26	1408
chr2	11111267	11333247	PikesPeakDPSE_MG	1.28	4	1412
chrXR	11187362	11335817	PikesPeakDPSE_MG	7.65	16	1409
chr2	11333247	11444124	PikesPeakDPSE_MG	2.55	4	1415
chrXR	11335817	11473128	PikesPeakDPSE_MG	3.1	6	1409
chr2	11444124	11567010	PikesPeakDPSE_MG	2.88	5	1414
chrXR	11473128	11604764	PikesPeakDPSE_MG	3.78	7	1406
chr2	11567010	11689092	PikesPeakDPSE_MG	4.06	7	1414
chrXR	11604764	11900521	PikesPeakDPSE_MG	5.51	23	1412
chr2	11689092	11795547	PikesPeakDPSE_MG	6.74	10	1394
chr2	11795547	11931342	PikesPeakDPSE_MG	5.28	10	1394
chrXR	11900521	12134021	PikesPeakDPSE_MG	15.51	51	1411
chr2	11931342	12080559	PikesPeakDPSE_MG	2.37	5	1415
chr2	12080559	12838741	PikesPeakDPSE_MG	4.77	51	1414
chrXR	12134021	12240080	PikesPeakDPSE_MG	0	0	1378
chrXR	12240080	12383852	PikesPeakDPSE_MG	0	0	1376
chrXR	12383852	12971351	PikesPeakDPSE_MG	1.46	12	1401
chr2	12838741	12991162	PikesPeakDPSE_MG	4.18	9	1414
chrXR	12971351	13097649	PikesPeakDPSE_MG	10.16	18	1403
chr2	12991162	13087513	PikesPeakDPSE_MG	6.9	9	1353
chr2	13087513	13203912	PikesPeakDPSE_MG	2.54	4	1353
chrXR	13097649	13246246	PikesPeakDPSE_MG	16.23	34	1411
chr2	13203912	13318687	PikesPeakDPSE_MG	0.62	1	1415
chrXR	13246246	13407111	PikesPeakDPSE_MG	11.87	27	1415
chr2	13318687	13422287	PikesPeakDPSE_MG	2.13	3	1362
chrXR	13407111	13598116	PikesPeakDPSE_MG	1.54	4	1358
chr2	13422287	13568328	PikesPeakDPSE_MG	3.52	7	1362
chr2	13568328	13868726	PikesPeakDPSE_MG	1.41	6	1413
chrXR	13598116	13761391	PikesPeakDPSE_MG	0.45	1	1357
chrXR	13761391	13882547	PikesPeakDPSE_MG	1.17	2	1414
chr2	13868726	14017487	PikesPeakDPSE_MG	2.39	5	1409
chrXR	13882547	14004918	PikesPeakDPSE_MG	0.58	1	1413
chrXR	14004918	14135419	PikesPeakDPSE_MG	3.27	6	1406
chr2	14017487	14068526	PikesPeakDPSE_MG	1.39	1	1411
chr2	14068526	14218403	PikesPeakDPSE_MG	1.41	3	1415
chrXR	14135419	14276566	PikesPeakDPSE_MG	2.01	4	1407
chr2	14218403	14318857	PikesPeakDPSE_MG	1.41	2	1415
chrXR	14276566	14386211	PikesPeakDPSE_MG	1.29	2	1414
chr2	14318857	14447709	PikesPeakDPSE_MG	1.1	2	1415
chrXR	14386211	14552726	PikesPeakDPSE_MG	2.12	5	1414
chr2	14447709	14682905	PikesPeakDPSE_MG	1.8	6	1415
chrXR	14552726	14660637	PikesPeakDPSE_MG	3.93	6	1414
chrXR	14660637	14773238	PikesPeakDPSE_MG	6.98	11	1400
chr2	14682905	14832840	PikesPeakDPSE_MG	2.36	5	1415
chrXR	14773238	14883338	PikesPeakDPSE_MG	6.07	9	1346
chr2	14832840	14924591	PikesPeakDPSE_MG	10.02	13	1414
chrXR	14883338	15091254	PikesPeakDPSE_MG	1.42	4	1356
chr2	14924591	15088262	PikesPeakDPSE_MG	17.74	41	1414
chr2	15088262	15274828	PikesPeakDPSE_MG	10.99	29	1415
chrXR	15091254	15219134	PikesPeakDPSE_MG	4.44	8	1410
chrXR	15219134	15345380	PikesPeakDPSE_MG	7.29	13	1412
chrXL	15234812	15422448	PikesPeakDPSE_MG	15.76	41	1388
chr2	15274828	15635407	PikesPeakDPSE_MG	4.31	22	1415
chrXR	15345380	15458908	PikesPeakDPSE_MG	2.5	4	1412
chrXL	15422448	15811761	PikesPeakDPSE_MG	4.18	23	1414
chrXR	15458908	15662005	PikesPeakDPSE_MG	9.75	28	1415
chr2	15635407	15753132	PikesPeakDPSE_MG	0	0	1413
chrXR	15662005	15776584	PikesPeakDPSE_MG	13.03	21	1407
chr2	15753132	15996705	PikesPeakDPSE_MG	0.87	3	1413
chrXR	15776584	15883454	PikesPeakDPSE_MG	10.64	16	1407
chrXL	15811761	16008229	PikesPeakDPSE_MG	2.16	6	1415
chrXR	15883454	16262117	PikesPeakDPSE_MG	3.4	18	1399
chr2	15996705	16126157	PikesPeakDPSE_MG	1.09	2	1414
chrXL	16008229	16204897	PikesPeakDPSE_MG	1.08	3	1414
chr2	16126157	16407485	PikesPeakDPSE_MG	4.27	17	1414
chrXL	16204897	16408610	PikesPeakDPSE_MG	2.78	8	1414
chrXR	16262117	16378343	PikesPeakDPSE_MG	8.61	14	1399
chrXR	16378343	16502584	PikesPeakDPSE_MG	9.11	16	1414
chr2	16407485	16559231	PikesPeakDPSE_MG	4.66	10	1415
chrXR	16502584	16782343	PikesPeakDPSE_MG	10.62	42	1415
chr2	16559231	16713837	PikesPeakDPSE_MG	4.13	9	1409
chrXL	16606128	16804553	PikesPeakDPSE_MG	1.78	5	1414
chr2	16713837	16941300	PikesPeakDPSE_MG	4.99	16	1409
chrXR	16782343	16892413	PikesPeakDPSE_MG	6.45	10	1409
chrXL	16804553	17005108	PikesPeakDPSE_MG	2.48	7	1410
chrXR	16892413	17002537	PikesPeakDPSE_MG	0.64	1	1408
chr2	16941300	17236870	PikesPeakDPSE_MG	1.44	6	1413
chrXR	17002537	17296594	PikesPeakDPSE_MG	0.96	4	1414
chrXL	17005108	17224410	PikesPeakDPSE_MG	5.17	16	1411
chrXL	17224410	17419698	PikesPeakDPSE_MG	2.54	7	1409
chr2	17236870	17384493	PikesPeakDPSE_MG	3.36	7	1412
chrXR	17296594	17436504	PikesPeakDPSE_MG	12.63	25	1415
chr2	17384493	17616552	PikesPeakDPSE_MG	14.65	48	1414
chrXL	17419698	17618185	PikesPeakDPSE_MG	6.44	18	1409
chrXR	17436504	17	PikesPeakDPSE_MG	589441	0	0
chrXR	17589441	17740414	PikesPeakDPSE_MG	7.58	16	1399
chr2	17616552	17743118	PikesPeakDPSE_MG	2.25	4	1405
chrXL	17618185	17	PikesPeakDPSE_MG	816	337	2.15
chr2	17743118	17876922	PikesPeakDPSE_MG	5.32	10	1404
chrXR	17756805	18107093	PikesPeakDPSE_MG	0	0	1367
chrXL	17816337	18013562	PikesPeakDPSE_MG	8.64	24	1409
chr2	17876922	18317160	PikesPeakDPSE_MG	2.25	14	1411
chrXL	18013562	18208167	PikesPeakDPSE_MG	7.68	21	1406
chrXR	18107093	18295156	PikesPeakDPSE_MG	3.1	8	1374
chrXL	18208167	18413490	PikesPeakDPSE_MG	4.15	12	1408
chrXR	18295156	18474316	PikesPeakDPSE_MG	0.39	1	1414
chr2	18317160	18459203	PikesPeakDPSE_MG	2.49	5	1412
chrXL	18413490	18915695	PikesPeakDPSE_MG	1.27	9	1415
chr2	18459203	18574517	PikesPeakDPSE_MG	1.84	3	1415
chrXR	18474316	18577933	PikesPeakDPSE_MG	2.05	3	1414
chr2	18574517	18708941	PikesPeakDPSE_MG	0.53	1	1414
chrXR	18577933	18719418	PikesPeakDPSE_MG	2	4	1413
chr2	18708941	18994911	PikesPeakDPSE_MG	2.77	11	1389
chrXR	18719418	18928707	PikesPeakDPSE_MG	3.04	9	1413
chrXR	18928707	19137120	PikesPeakDPSE_MG	1.38	4	1394
chr2	18994911	19194591	PikesPeakDPSE_MG	2.16	6	1390
chrXR	19137120	19281631	PikesPeakDPSE_MG	5.96	12	1394
chr2	19194591	19340236	PikesPeakDPSE_MG	1.95	4	1412
chrXL	19207388	19410833	PikesPeakDPSE_MG	3.31	9	1336
chrXR	19281631	19480284	PikesPeakDPSE_MG	4.77	13	1371
chr2	19340236	19546543	PikesPeakDPSE_MG	6.18	18	1411
chrXL	19410833	19670548	PikesPeakDPSE_MG	1.16	4	1324
chrXR	19480284	19652515	PikesPeakDPSE_MG	3.82	9	1369
chr2	19546543	19696955	PikesPeakDPSE_MG	11.1	23	1378
chrXR	19652515	20004191	PikesPeakDPSE_MG	0.85	4	1345
chrXL	19670548	19926146	PikesPeakDPSE_MG	0	0	1399
chr2	19696955	19847004	PikesPeakDPSE_MG	6.28	13	1379
chr2	19847004	20032105	PikesPeakDPSE_MG	1.58	4	1368
chrXL	19926146	20167082	PikesPeakDPSE_MG	2.08	7	1398
chrXR	20004191	20194622	PikesPeakDPSE_MG	0	0	1345
chr2	20032105	20114904	PikesPeakDPSE_MG	3.53	4	1368
chr2	20114904	20263892	PikesPeakDPSE_MG	4.36	9	1387
chrXR	20194622	20508462	PikesPeakDPSE_MG	4.29	19	1412
chr2	20263892	20478312	PikesPeakDPSE_MG	3.03	9	1386
chr2	20478312	20625888	PikesPeakDPSE_MG	3.84E+00	8	1413
chrXR	20508462	20709111	PikesPeakDPSE_MG	8.1	23	1415
chr2	20625888	20757072	PikesPeakDPSE_MG	6.23	11	1347
chrXR	20709111	20967916	PikesPeakDPSE_MG	14.89	52	1352
chr2	20757072	20904774	PikesPeakDPSE_MG	2.01	4	1346
chr2	20904774	21043969	PikesPeakDPSE_MG	1.02	2	1413
chrXR	20967916	21213782	PikesPeakDPSE_MG	6.62	22	1352
chr2	21043969	21153089	PikesPeakDPSE_MG	5.85	9	1409
chr2	21153089	21278604	PikesPeakDPSE_MG	2.26	4	1409
chrXR	21213782	21331908	PikesPeakDPSE_MG	1.2	2	1414
chr2	21278604	21413724	PikesPeakDPSE_MG	2.1	4	1412
chr2	21413724	21564631	PikesPeakDPSE_MG	3.75	8	1412
chr2	21564631	21776064	PikesPeakDPSE_MG	6.69	20	1414
chrXR	21746517	21997257	PikesPeakDPSE_MG	1.13	4	1413
chr2	21776064	21908703	PikesPeakDPSE_MG	7.47	14	1414
chr2	21908703	22060525	PikesPeakDPSE_MG	4.19	9	1415
chrXR	21997257	22312127	PikesPeakDPSE_MG	2.47	11	1413
chr2	22060525	22167193	PikesPeakDPSE_MG	3.32	5	1413
chr2	22167193	22294199	PikesPeakDPSE_MG	6.13	11	1412
chr2	22294199	22443388	PikesPeakDPSE_MG	8.54E+00	18	1413
chrXR	22312127	22582676	PikesPeakDPSE_MG	12.03	46	1415
chr2	22443388	22592050	PikesPeakDPSE_MG	8.56	18	1414
chrXR	22582676	23029098	PikesPeakDPSE_MG	5.72	36	1410
chr2	22592050	22708279	PikesPeakDPSE_MG	4.87	8	1414
chr2	22708279	22845119	PikesPeakDPSE_MG	1.55	3	1414
chr2	22845119	23035944	PikesPeakDPSE_MG	4.82	13	1415
chrXR	23029098	23233321	PikesPeakDPSE_MG	2.09	6	1409
chr2	23035944	23169813	PikesPeakDPSE_MG	6.34	12	1415
chr2	23169813	23329358	PikesPeakDPSE_MG	2.66	6	1415
chrXR	23233321	23563348	PikesPeakDPSE_MG	3.87	18	1409
chr2	23329358	23465295	PikesPeakDPSE_MG	4.68	9	1415
chr2	23465295	23730067	PikesPeakDPSE_MG	5.34	20	1415
chrXR	23563348	23689094	PikesPeakDPSE_MG	2.83	5	1406
chrXR	23689094	23968772	PikesPeakDPSE_MG	2.54	10	1410
chr2	23730067	23945746	PikesPeakDPSE_MG	8.52	26	1415
chr2	23945746	24128865	PikesPeakDPSE_MG	6.95	18	1415
chrXR	23968772	24933762	PikesPeakDPSE_MG	8.95	120	1403
chr2	24128865	24276404	PikesPeakDPSE_MG	5.27	11	1415
chr2	24276404	24344558	PikesPeakDPSE_MG	11.41	11	1415
chr2	24344558	24494919	PikesPeakDPSE_MG	15.52	33	1415
chr2	24494919	24885870	PikesPeakDPSE_MG	2.71	15	1415
chr2	24885870	24995487	PikesPeakDPSE_MG	0.65	1	1413
chrXR	24933762	25122702	PikesPeakDPSE_MG	10.56	28	1404
chr2	24995487	25157106	PikesPeakDPSE_MG	1.31	3	1413
chrXR	25122702	25326652	PikesPeakDPSE_MG	3.12	9	1415
chr2	25157106	25329920	PikesPeakDPSE_MG	3.28	8	1411
chrXR	25326652	25554112	PikesPeakDPSE_MG	5.62	18	1408
chr2	25329920	25474091	PikesPeakDPSE_MG	7.37	15	1412
chr2	25474091	25619240	PikesPeakDPSE_MG	9.26	19	1414
chrXR	25554112	25754653	PikesPeakDPSE_MG	2.48	7	1407
chr2	25619240	25743882	PikesPeakDPSE_MG	9.15	16	1403
chr2	25743882	26052537	PikesPeakDPSE_MG	2.08	9	1403
chrXR	25754653	25904313	PikesPeakDPSE_MG	3.31	7	1414
chrXR	25904313	26128994	PikesPeakDPSE_MG	2.21	7	1410
chr2	26052537	26358052	PikesPeakDPSE_MG	1.16	5	1415
chrXR	26128994	26350588	PikesPeakDPSE_MG	1.92	6	1410
chrXR	26350588	26607174	PikesPeakDPSE_MG	3.1	11	1383
chr2	26358052	26617054	PikesPeakDPSE_MG	0.27	1	1414
chrXR	26607174	26858488	PikesPeakDPSE_MG	11.33	39	1371
chr2	26617054	26744799	PikesPeakDPSE_MG	0.55	1	1414
chr2	26744799	26915169	PikesPeakDPSE_MG	1.66	4	1414
chr2	26915169	27056883	PikesPeakDPSE_MG	0	0	1414
chr2	27056883	27214028	PikesPeakDPSE_MG	0	0	1415
chr2	27214028	27368682	PikesPeakDPSE_MG	0.46	1	1415
chr2	27368682	27493218	PikesPeakDPSE_MG	1.7	3	1413
chr2	27493218	27611257	PikesPeakDPSE_MG	0	0	1413
chr2	27611257	28595593	PikesPeakDPSE_MG	0.5	7	1414
chr2	28595593	29607930	PikesPeakDPSE_MG	0.14	2	1414
chr2	29607930	30601069	PikesPeakDPSE_MG	0.78	11	1414
